"Optimal policy" "Dice 1" "Dice 2" "Dice 3" "Random dice"
"1" 9.521 17.0504 18.321 17.6432 19.0802
"2" 8.9148 15.094 17.5357 16.6994 17.2307
"3" 8.0688 12.9718 16.4906 15.9921 16.9192
"4" 7.6719 14.0342 15.6217 15.8975 14.5213
"5" 6.79 12.0163 14.8367 14.375 13.356
"6" 5.6393 9.9979 13.1611 13.6074 12.5268
"7" 4.7167 7.9962 11.2312 13.411 11.0974
"8" 2.8378 6.0232 10.3004 9.319 8.995
"9" 2.5183 4.0027 6.783 11.6563 7.246
"10" 1.9783 2.0028 10.7029 12.7998 11.0505
"11" 6.9266 8.0007 15.7141 15.2714 17.9506
"12" 5.2432 5.9944 13.8081 11.5818 16.7107
"13" 3.9325 3.9969 9.158 12.8262 15.4618
"14" 2.0135 2.008 10.9854 12.8379 13.3116
