"Optimal policy" "Dice 1" "Dice 2" "Dice 3" "Random dice"
"1" 9.0213 16.9642 11.7624 9.6935 13.0343
"2" 8.3545 15.0817 10.8843 8.8818 11.1286
"3" 7.6898 12.9699 9.5964 8.2767 9.5994
"4" 7.1522 13.9612 9.1882 7.8856 9.5134
"5" 6.2166 11.9851 8.4396 6.5751 8.4623
"6" 5.0656 9.9812 6.8401 5.359 7.5579
"7" 4.1467 8.0288 5.2858 4.3543 6.2452
"8" 2.3596 6.009 3.3497 2.3819 4.2297
"9" 1.7894 3.9806 2.2401 1.7779 2.2657
"10" 1.3347 2.0058 1.5026 1.3464 1.503
"11" 6.4419 7.9843 8.5909 6.643 8.1833
"12" 4.8454 6.0263 6.1786 5.0662 6.264
"13" 3.3452 4.0079 4.0581 3.7385 3.337
"14" 1.3342 1.9857 1.5016 1.3405 1.341
