"Optimal policy" "Dice 1" "Dice 2" "Dice 3" "Random dice"
"1" 11.3836 18.0893 19.5841 24.1991 20.1888
"2" 10.6457 16.0193 18.4041 23.5233 18.3861
"3" 9.7277 14.0505 17.2774 20.8881 18.1802
"4" 9.5852 15.0322 16.3841 23.273 15.6303
"5" 8.7981 12.9871 15.886 22.0366 14.2991
"6" 7.4648 11.009 14.4512 20.3855 13.0218
"7" 6.3597 8.9959 12.2085 19.4776 12.1247
"8" 5.2596 6.9985 11.3212 18.5112 9.8995
"9" 3.4971 5.0109 7.7992 15.4122 8.1067
"10" 3.0045 3.0039 11.9378 17.3097 11.8208
"11" 8.2181 8.9398 16.2089 20.3626 18.7373
"12" 6.3889 6.9887 14.8131 15.4191 17.8518
"13" 5.0317 5.0298 10.2061 17.6372 16.4983
"14" 3.0031 2.9602 11.761 17.2232 14.4978
