"Optimal policy" "Dice 1" "Dice 2" "Dice 3" "Random dice"
"1" 9.6596 17.0453 19.4322 15.3136 22.0646
"2" 9.005 15.0369 18.5136 14.5615 20.2918
"3" 8.3413 12.9784 17.525 13.7098 18.4448
"4" 7.8626 14.0292 17.1738 13.9288 18.979
"5" 6.8706 11.9713 16.5085 12.4694 17.5653
"6" 5.8678 9.991 14.8331 11.6195 16.9879
"7" 4.9469 7.959 13.0643 11.3103 15.9465
"8" 2.9414 5.9967 11.6073 7.8464 13.4193
"9" 2.8481 4.0218 9.1279 8.5237 11.5485
"10" 2.5097 4.0234 7.0378 10.4031 9.3962
"11" 1.9927 2.0259 11.3544 11.2903 15.2563
"12" 7.0869 8.0123 16.1059 13.7534 17.319
"13" 5.2423 6.0145 14.4644 10.4741 14.4942
"14" 3.9667 3.9964 9.6061 11.773 12.675
"15" 1.9907 1.9908 11.3165 11.427 2.0111
