"Optimal policy" "Dice 1" "Dice 2" "Dice 3" "Random dice"
<<<<<<< HEAD
"1" 9.9164 17.0107 11.8199 9.9275 13.1146
"2" 9.3599 15.0688 10.8265 9.3297 11.0247
"3" 8.3895 12.9617 9.6081 7.5861 9.5985
"4" 8.2332 13.9774 9.1281 8.6881 9.5329
"5" 7.2722 11.9706 8.5449 7.4725 8.4428
"6" 5.9601 10.0486 6.7808 5.9902 7.6017
"7" 4.9362 7.9795 5.2907 4.8895 6.2516
"8" 3.7744 5.9961 3.3659 3.5513 4.2673
"9" 2.1614 4.0162 2.2573 1.7787 2.2387
"10" 1.3392 1.9848 1.4964 1.3513 1.488
"11" 6.8079 8.0316 8.475 6.8667 8.1999
"12" 5.096 5.9932 6.1039 5.0489 6.1765
"13" 3.3293 4.0104 4.1815 3.865 3.3293
"14" 1.3349 2.0116 1.495 1.3392 1.3458
=======
"1" 10.4929 19.023 12.5812 11.2923 13.9542
"2" 9.9057 17.0341 11.9491 10.8511 11.9648
"3" 8.6438 14.9918 10.1724 8.6588 9.8751
"4" 9.0178 16.9792 10.7109 10.8224 10.9503
"5" 8.0355 15.022 10.128 9.3225 9.9004
"6" 6.8687 12.9924 8.3483 8.3776 9.0316
"7" 5.9404 10.9864 6.8944 7.0234 7.7109
"8" 4.2417 9.0231 5.0227 4.8126 5.6776
"9" 3.6269 6.9921 3.8026 5.3349 3.6901
"10" 2.7737 5.0215 3.2351 2.7861 3.1711
"11" 2.34 3.0104 2.51 2.3308 2.3318
"12" 6.6107 8.9796 7.806 6.8689 7.6538
"13" 4.775 6.9999 6.064 5.3426 5.0023
"14" 2.7748 4.9986 3.2307 2.7815 2.983
"15" 2.3342 3.0042 2.4984 2.3462 3.015
"16" 2 2 2 2 2
>>>>>>> 0cbee6ba189ef6cfb7ab48cd7a016ed9549fd82c
