"Optimal policy" "Dice 1" "Dice 2" "Dice 3" "Random dice"
"1" 9.9262 17.093 12.1646 9.7725 13.6185
"2" 9.2043 14.9989 11.3667 9.1912 11.649
"3" 8.5691 12.9507 10.0201 7.6335 10.3045
"4" 8.0397 13.9957 9.7761 8.6725 9.9513
"5" 7.0043 12.0319 9.0962 7.3037 8.8961
"6" 5.9235 9.9832 7.4382 6.0419 8.0086
"7" 4.9431 8.0038 5.789 5.0161 6.7128
"8" 3.2424 5.9709 4.038 3.1884 4.6998
"9" 2.6235 4.0463 2.825 2.3723 2.6845
"10" 1.7876 3.9885 2.2561 1.7946 2.1499
"11" 1.3431 2.0025 1.4963 1.337 1.3298
"12" 6.9828 8.0322 8.7996 6.7037 9.5693
"13" 5.7675 5.9823 6.3253 5.0817 6.872
"14" 3.8386 3.9882 4.159 3.7525 4.8965
"15" 1.3389 2.0209 1.5101 1.3327 2.0069
