"Optimal policy" "Dice 1" "Dice 2" "Dice 3" "Random dice"
"1" 9.7094 17.0691 19.2987 16.0667 22.0511
"2" 9.0248 15.0284 18.5227 15.1557 20.24
"3" 8.2881 12.9919 17.4852 14.8778 18.7004
"4" 7.8896 14.0141 17.1693 14.2811 18.8435
"5" 6.8942 11.9872 16.5965 12.6852 17.5512
"6" 5.884 9.9508 14.8691 11.8198 17.0588
"7" 4.889 7.9878 13.0532 11.6731 15.7464
"8" 2.964 6.0118 11.6113 8.1908 13.415
"9" 2.8231 4.0126 9.1314 8.797 11.5512
"10" 2.4866 4.042 7.1355 10.6781 9.2511
"11" 2.0088 1.9907 11.3255 11.8137 15.1749
"12" 7.0376 8.0317 16.1649 14.1495 17.4848
"13" 5.2602 6.019 14.4535 10.7155 14.5861
"14" 3.9544 3.9707 9.5817 12.0128 12.6608
"15" 1.9903 1.9834 11.1897 11.9796 2.0033
